2  2  1.2 2 7.8 -7  -0.2 1 2.2 7.123  +
3  2  0 0 0 0 0 0 0 0 0  1 1 1 1  +=
3  3  0 0 0 0 0 0 0 0 0  100 100 100 200 200 200 300 300 300   -=
2  2  100 0 0 0  1 2 3 4  *=
2  2  0.1 0.125 0.7 1.5  0.1 0.125 0.7 1.5  -
3  3  1.1 0 1 0 0 1 0 0 1 100 100 100 100 100 100 100 100 100  *
2  2  0.0001 0.0001 0.0001 0.0001  0.0001 0.0001 0.0001 0.0001  ==
2  2  0 0 0 0  0.0001 0.0001 0.0001 0.0001  !=
2  0  0 1 2.5 -3  4 *
0  2  -9 -8 -7 -6  -1 * 
determinant 2 1 1 1 1
trace 2 1 0 0 4.001
transpose 4 0.1 0.2 0.3 0.4 0.5 0.6 0.7 0.8 0.9 1 1.1 1.2 1.3 1.4 1.5 1.6 
exponent 2 0 0 0 0 
inverse 2 1 1 1 1